% -------------------------------------------------------------------
%  Generated by MATLAB on 10-Nov-2022 23:19:09
%  MATLAB version: 9.12.0.2009381 (R2022a) Update 4
% -------------------------------------------------------------------
                                                     

smiData = struct;
smiData.RigidTransform = struct;
smiData.RigidTransform(1).translation = ...
  [68.635485579652581 -12.396384198010347 83.582566177606765];
smiData.RigidTransform(1).angle = 3.1415869809834547;
smiData.RigidTransform(1).axis = [-1 -1.5127786666358372E-20 5.33362823476878E-15 ...
                                  ];
smiData.RigidTransform(1).ID = 'B[Assembly_base-1:-:Assembly_link1-1]';
smiData.RigidTransform(2).translation = ...
  [-2.8351391884699532E-13 -5.7641716920409092E-14 -111];
smiData.RigidTransform(2).angle = 3.1415926535897931;
smiData.RigidTransform(2).axis = [-1 -1.4786998643569447E-36 1.7457406694158206E-15 ...
                                  ];
smiData.RigidTransform(2).ID = 'F[Assembly_base-1:-:Assembly_link1-1]';
smiData.RigidTransform(3).translation = ...
  [-9.7488683792335E-13 299.99999999999989 0];
smiData.RigidTransform(3).angle = 2.0943951023931975;
smiData.RigidTransform(3).axis = [0.57735026918962651 -0.5773502691896244 ...
                                  0.57735026918962651];
smiData.RigidTransform(3).ID = 'B[Assembly_link1-1:-:Assembly_link2-2]';
smiData.RigidTransform(4).translation = ...
  [-1.8616219676914625E-12 -1.1285761762829766E-18 -1.9895196600962707E-13 ...
   ];
smiData.RigidTransform(4).angle = 2.0943951023931979;
smiData.RigidTransform(4).axis = [0.57735026918962662 -0.57735026918962662 ...
                                  0.57735026918962407];
smiData.RigidTransform(4).ID = 'F[Assembly_link1-1:-:Assembly_link2-2]';
smiData.RigidTransform(5).translation = ...
  [-9.0205620750793969E-13 24.924999999999031 300];
smiData.RigidTransform(5).angle = 2.0943951023931935;
smiData.RigidTransform(5).axis = [-0.57735026918962506 -0.57735026918962506 ...
                                  -0.57735026918962717];
smiData.RigidTransform(5).ID = 'B[Assembly_link2-2:-:Assembly_link3-1]';
smiData.RigidTransform(6).translation = ...
  [1.2724840193093443E-12 -5.0000000000030251 1.1201797376779368E-12];
smiData.RigidTransform(6).angle = 2.0943951023931935;
smiData.RigidTransform(6).axis = [-0.57735026918962518 -0.57735026918962329 ...
                                  -0.577350269189629];
smiData.RigidTransform(6).ID = 'F[Assembly_link2-2:-:Assembly_link3-1]';
smiData.RigidTransform(7).translation = ...
  [-9.0205620750793969E-13 5.7249999999990369 299.99999999999989];
smiData.RigidTransform(7).angle = 1.5707963267949003;
smiData.RigidTransform(7).axis = [1 0 0];
smiData.RigidTransform(7).ID = ['AssemblyGround[Assembly_link2-2:bearin' ...
                                'g-6mm-1]'];
smiData.RigidTransform(8).translation = ...
  [-9.0205620750793969E-13 29.924999999999034 300];
smiData.RigidTransform(8).angle = 1.5707963267949003;
smiData.RigidTransform(8).axis = [1 0 0];
smiData.RigidTransform(8).ID = ['AssemblyGround[Assembly_link2-2:bearin' ...
                                'g-6mm-2]'];
smiData.RigidTransform(9).translation = ...
  [9.5300203199993181 -11.275000000003088 300.00002031999975];
smiData.RigidTransform(9).angle = 3.1415926535897882;
smiData.RigidTransform(9).axis = [-2.4688501310780157E-15 -0.7071067811865438 ...
                                  -0.70710678118655124];
smiData.RigidTransform(9).ID = ['AssemblyGround[Assembly_link2-2:positi' ...
                                'on-sensor-pcb-1]'];
smiData.RigidTransform(10).translation = ...
  [-1.9567680809018384E-12 15.325000000000033 0];
smiData.RigidTransform(10).angle = 3.1415926535897865;
smiData.RigidTransform(10).axis = [-0 -1 -0];
smiData.RigidTransform(10).ID = ['AssemblyGround[Assembly_link2-2:link-' ...
                                 '2-1]'];
smiData.RigidTransform(11).translation = ...
  [-9.43689570931383E-13 15.325000000000033 299.99999999999989];
smiData.RigidTransform(11).angle = 2.0943951023931993;
smiData.RigidTransform(11).axis = [0.57735026918962518 0.577350269189627 ...
                                   0.57735026918962518];
smiData.RigidTransform(11).ID = ['AssemblyGround[Assembly_link2-2:beari' ...
                                 'ng-mount-1-1]'];
smiData.RigidTransform(12).translation = ...
  [-9.53000000000085 -11.275000000000091 299.99999999999994];
smiData.RigidTransform(12).angle = 1.5707963267948999;
smiData.RigidTransform(12).axis = [0 0 1];
smiData.RigidTransform(12).ID = ['AssemblyGround[Assembly_link2-2:pcb-s' ...
                                 'tandoffs-1]'];
smiData.RigidTransform(13).translation = ...
  [9.52999999999915 -11.274999999999979 299.99999999999983];
smiData.RigidTransform(13).angle = 1.5707963267948999;
smiData.RigidTransform(13).axis = [0 0 1];
smiData.RigidTransform(13).ID = ['AssemblyGround[Assembly_link2-2:pcb-s' ...
                                 'tandoffs-2]'];
smiData.RigidTransform(14).translation = ...
  [-1.8596235662471372E-12 -14.749999999999986 0];
smiData.RigidTransform(14).angle = 1.5707963267949003;
smiData.RigidTransform(14).axis = [1 0 0];
smiData.RigidTransform(14).ID = ['AssemblyGround[Assembly_link2-2:pin-e' ...
                                 'ncoder-3]'];
smiData.RigidTransform(15).translation = ...
  [-1.8735013540549517E-12 -6.3500000000000227 0];
smiData.RigidTransform(15).angle = 1.5707963267949003;
smiData.RigidTransform(15).axis = [1 0 0];
smiData.RigidTransform(15).ID = ['AssemblyGround[Assembly_link2-2:coupl' ...
                                 'ing-6mm-1]'];
smiData.RigidTransform(16).translation = ...
  [-1.8735013540549517E-12 2.9500000000000082 0];
smiData.RigidTransform(16).angle = 1.5707963267948861;
smiData.RigidTransform(16).axis = [-1 0 0];
smiData.RigidTransform(16).ID = ['AssemblyGround[Assembly_link2-2:hub-2' ...
                                 ']'];
smiData.RigidTransform(17).translation = ...
  [-1.8735013540549517E-12 12.149999999999995 0];
smiData.RigidTransform(17).angle = 1.5707963267949003;
smiData.RigidTransform(17).axis = [1 0 0];
smiData.RigidTransform(17).ID = ['AssemblyGround[Assembly_link2-2:pin-e' ...
                                 'ncoder-2]'];
smiData.RigidTransform(18).translation = ...
  [69.42427718113133 -12.403822103818618 120.46392762221913];
smiData.RigidTransform(18).angle = 1.5674063189740435;
smiData.RigidTransform(18).axis = [1 5.2313041069630832E-15 -5.2313039110716018E-15 ...
                                   ];
smiData.RigidTransform(18).ID = ['AssemblyGround[Assembly_base-1:bearin' ...
                                 'g-1]'];
smiData.RigidTransform(19).translation = ...
  [19.424277181130154 10.239547510084323 14.570313894557819];
smiData.RigidTransform(19).angle = 2.0943967399343539;
smiData.RigidTransform(19).axis = [0.57735081503564856 -0.57734917749602832 ...
                                   -0.57735081503565244];
smiData.RigidTransform(19).ID = ['AssemblyGround[Assembly_base-1:mount-' ...
                                 'sides-1]'];
smiData.RigidTransform(20).translation = ...
  [69.424277181131373 -12.397042101163068 122.46391613007711];
smiData.RigidTransform(20).angle = 2.09243898754852;
smiData.RigidTransform(20).axis = [0.57669675521419872 0.57865508297329749 ...
                                   0.57669675521419472];
smiData.RigidTransform(20).ID = ['AssemblyGround[Assembly_base-1:mount-' ...
                                 'top-1]'];
smiData.RigidTransform(21).translation = ...
  [68.63548557965234 -12.396270745883578 63.582566177928555];
smiData.RigidTransform(21).angle = 1.5708019994012354;
smiData.RigidTransform(21).axis = [1 6.8773064180519163E-15 -3.7899110392510388E-15 ...
                                   ];
smiData.RigidTransform(21).ID = ['AssemblyGround[Assembly_base-1:mount-' ...
                                 'motor-1]'];
