Kt = 0.038;
J = 0.01;
b = 0.1;
R = 1.52;
L = 1.5e-3;