K = 0.038;
J = 0.01;
b = 0.5;
R = 2;
L = 1.5e-3;